0 0.231971 0.439904 0.170673 0.171474
0 0.224760 0.931090 0.122596 0.134615
0 0.432091 0.870994 0.121394 0.193910
0 0.632812 0.928686 0.123798 0.142628
0 0.626202 0.822917 0.117788 0.129808
0 0.320913 0.504808 0.096154 0.189103
0 0.938101 0.447917 0.123798 0.190705
0 0.803486 0.249199 0.140625 0.184295
0 0.856971 0.098558 0.146635 0.193910
0 0.710938 0.076923 0.121394 0.150641
0 0.212139 0.181090 0.186298 0.192308
0 0.694712 0.735577 0.100962 0.128205
1 0.804087 0.399840 0.194712 0.158654
1 0.129207 0.609776 0.118990 0.116987
1 0.370793 0.319712 0.116587 0.129808
1 0.209736 0.661058 0.094952 0.100962
0 0.053486 0.908654 0.104567 0.169872
1 0.351562 0.848558 0.082933 0.184295
0 0.950120 0.287660 0.099760 0.126603
