0 0.157452 0.183494 0.156250 0.181090
0 0.270433 0.357372 0.180288 0.163462
0 0.852764 0.407853 0.147837 0.139423
0 0.876202 0.237981 0.180288 0.142628
0 0.664663 0.948718 0.117788 0.102564
0 0.739183 0.877404 0.125000 0.097756
0 0.513822 0.868590 0.054087 0.057692
1 0.328726 0.675481 0.195913 0.190705
1 0.179688 0.897436 0.181490 0.201923
1 0.240986 0.669872 0.171875 0.131410
1 0.197115 0.533654 0.206731 0.214744
1 0.863582 0.157853 0.219952 0.209936
0 0.826923 0.664263 0.081731 0.161859
0 0.855168 0.519231 0.090144 0.105769
0 0.960938 0.339744 0.075721 0.179487
0 0.378606 0.897436 0.062500 0.083333
1 0.153846 0.363782 0.137019 0.064103
