0 0.409255 0.201122 0.111779 0.158654
0 0.519832 0.146635 0.104567 0.059295
0 0.324519 0.252404 0.100962 0.081731
0 0.788462 0.423077 0.117788 0.128205
0 0.916466 0.386218 0.087740 0.099359
0 0.951322 0.490385 0.097356 0.105769
0 0.444712 0.800481 0.125000 0.123397
0 0.321514 0.576122 0.116587 0.120192
1 0.265024 0.456731 0.152644 0.185897
1 0.189904 0.419071 0.163462 0.158654
1 0.099159 0.513622 0.143029 0.184295
1 0.064303 0.681090 0.126202 0.125000
1 0.326923 0.653045 0.163462 0.213141
1 0.301683 0.936699 0.108173 0.126603
1 0.748798 0.144231 0.175481 0.112179
1 0.867188 0.527244 0.198317 0.269231
0 0.870793 0.814103 0.097356 0.105769
1 0.471154 0.324519 0.170673 0.113782
0 0.800481 0.258013 0.076923 0.076923
1 0.136418 0.836538 0.140625 0.131410
1 0.198317 0.602564 0.117788 0.137821
0 0.265625 0.448718 0.091346 0.099359
