0 0.338341 0.476763 0.162260 0.120192
0 0.395433 0.703526 0.137019 0.134615
0 0.756611 0.266026 0.128606 0.150641
0 0.884615 0.225962 0.093750 0.121795
0 0.844952 0.686699 0.086538 0.123397
0 0.327524 0.059295 0.114183 0.115385
0 0.240986 0.453526 0.114183 0.108974
0 0.085337 0.934295 0.081731 0.128205
0 0.605168 0.899840 0.097356 0.097756
0 0.923678 0.337340 0.102163 0.097756
1 0.245192 0.548077 0.175481 0.227564
1 0.084135 0.298077 0.165865 0.198718
1 0.929087 0.598558 0.141827 0.213141
1 0.247596 0.874199 0.117788 0.181090
1 0.533654 0.962340 0.182692 0.075321
1 0.175481 0.337340 0.189904 0.200321
0 0.763822 0.087340 0.078125 0.097756
1 0.117188 0.499199 0.135817 0.158654
1 0.033654 0.416667 0.064904 0.201923
0 0.228966 0.092949 0.104567 0.092949
1 0.838942 0.326923 0.223558 0.298077
1 0.879808 0.911859 0.084135 0.086538
1 0.403245 0.168269 0.207933 0.128205
