0 0.139423 0.510417 0.168269 0.206731
0 0.145433 0.379006 0.122596 0.145833
0 0.180288 0.111378 0.151442 0.203526
0 0.127404 0.736378 0.201923 0.241987
0 0.265024 0.877404 0.167067 0.200321
0 0.523438 0.713942 0.162260 0.206731
0 0.612981 0.804487 0.163462 0.160256
0 0.725962 0.660256 0.156250 0.198718
0 0.941707 0.367788 0.114183 0.232372
0 0.799279 0.241186 0.122596 0.190705
0 0.960938 0.146635 0.078125 0.200321
1 0.365385 0.214744 0.151442 0.131410
1 0.404447 0.083333 0.138221 0.099359
1 0.598558 0.471955 0.134615 0.129808
1 0.650841 0.182692 0.090144 0.205128
1 0.492788 0.909455 0.122596 0.142628
1 0.748798 0.426282 0.096154 0.131410
1 0.694111 0.944712 0.102163 0.110577
0 0.340144 0.325321 0.156250 0.105769
