0 0.592949 0.209135 0.192308 0.146635
0 0.751603 0.357572 0.182692 0.147837
0 0.228365 0.471755 0.142628 0.147837
0 0.249199 0.858173 0.200321 0.134615
0 0.338141 0.709736 0.179487 0.094952
0 0.685897 0.555889 0.201923 0.102163
0 0.248397 0.292668 0.185897 0.155048
1 0.806891 0.197115 0.174679 0.072115
1 0.152244 0.412861 0.163462 0.102163
1 0.115385 0.566106 0.173077 0.098558
1 0.737179 0.472356 0.121795 0.079327
1 0.846154 0.621995 0.131410 0.073317
1 0.789263 0.710938 0.139423 0.104567
1 0.327724 0.605168 0.171474 0.118990
