0 0.316707 0.204327 0.174279 0.209936
0 0.728365 0.311699 0.151442 0.165064
0 0.523438 0.618590 0.150240 0.192308
0 0.729567 0.499199 0.110577 0.165064
0 0.072115 0.442308 0.139423 0.205128
0 0.283654 0.734776 0.151442 0.193910
0 0.813101 0.849359 0.147837 0.176282
0 0.063702 0.903045 0.125000 0.168269
1 0.759615 0.135417 0.156250 0.158654
1 0.617188 0.837340 0.087740 0.203526
1 0.161659 0.939904 0.104567 0.120192
1 0.157452 0.370994 0.110577 0.133013
1 0.877404 0.194712 0.074519 0.097756
0 0.964543 0.399840 0.070913 0.139423
1 0.117188 0.041667 0.150240 0.080128
1 0.086538 0.264423 0.115385 0.192308
1 0.301082 0.353365 0.143029 0.075321
0 0.474760 0.948718 0.134615 0.102564
0 0.524038 0.810897 0.112981 0.189103
