0 0.293269 0.263622 0.206731 0.165064
0 0.275240 0.604167 0.189904 0.163462
0 0.191106 0.399840 0.161058 0.184295
0 0.900240 0.754808 0.168269 0.195513
0 0.928486 0.596154 0.143029 0.150641
0 0.691106 0.101763 0.139423 0.129808
1 0.858173 0.184295 0.254808 0.201923
1 0.918870 0.527244 0.162260 0.227564
1 0.881010 0.325321 0.185096 0.189103
1 0.212740 0.714744 0.173077 0.230769
1 0.319111 0.891026 0.188702 0.192308
1 0.237380 0.876603 0.183894 0.128205
1 0.555288 0.194712 0.240385 0.059295
1 0.185697 0.572115 0.159856 0.048077
1 0.146635 0.973558 0.158654 0.052885
