0 0.213942 0.467949 0.165865 0.163462
0 0.531250 0.621795 0.168269 0.128205
0 0.365385 0.754808 0.175481 0.150641
0 0.568510 0.809295 0.170673 0.169872
0 0.757812 0.403045 0.109375 0.091346
1 0.147236 0.913462 0.135817 0.169872
1 0.419471 0.839744 0.225962 0.192308
1 0.427284 0.192308 0.239183 0.272436
1 0.079928 0.215545 0.157452 0.177885
1 0.060096 0.459135 0.117788 0.165064
1 0.251202 0.047276 0.127404 0.091346
1 0.780048 0.048878 0.199519 0.094551
1 0.894231 0.479167 0.211538 0.323718
0 0.831130 0.180288 0.058894 0.110577
0 0.048678 0.411058 0.075721 0.094551
