0 0.280048 0.166667 0.146635 0.195513
0 0.700721 0.579327 0.168269 0.174679
0 0.653846 0.943109 0.115385 0.072115
0 0.883413 0.723558 0.108173 0.142628
0 0.944712 0.918269 0.067308 0.089744
0 0.762620 0.332532 0.121394 0.158654
0 0.880409 0.233173 0.092548 0.145833
0 0.930288 0.334936 0.110577 0.121795
0 0.403846 0.043269 0.141827 0.070513
0 0.191707 0.218750 0.109375 0.120192
0 0.344952 0.662660 0.115385 0.094551
0 0.115385 0.588141 0.076923 0.089744
0 0.241587 0.614583 0.091346 0.065705
0 0.177885 0.884615 0.096154 0.108974
1 0.082332 0.451122 0.162260 0.222756
1 0.036659 0.600160 0.070913 0.181090
1 0.034856 0.782853 0.067308 0.133013
1 0.268029 0.711538 0.170673 0.230769
1 0.119591 0.930288 0.097356 0.139423
1 0.318510 0.952724 0.103365 0.094551
1 0.942308 0.611378 0.115385 0.200321
1 0.855769 0.382212 0.245192 0.312500
1 0.381010 0.322917 0.233173 0.107372
1 0.675481 0.034455 0.211538 0.065705
